0 0.3 
0 0.301143 
0 0.352146 
0 0.440049 
0 0.553242 
0 0.681459 
0 0.815786 
0 0.948658 
0 1.07386 
0 1.18654 
0 1.28318 
0 1.36163 
0 1.42108 
0 1.46207 
0 1.4865 
0 1.49761 
0 1.5 
0 1.5 
0 1.5 
0 1.5 
0 1.5 
0 1.5 
0 1.5 
0 1.5 
0 1.5 
0 1.5 
0 1.5 
0 1.5 
0 1.5 
0 1.49857 
0 1.49009 
0.000116969 1.47069 
0.000700879 1.43783 
0.00230211 1.39035 
0.0055826 1.32842 
0.0113897 1.25356 
0.0210623 1.16865 
0.0367134 1.0779 
0.0617428 0.986896 
0.0819461 0.902559 
0.100047 0.833161 
0.111366 0.788494 
0.116261 0.777165 
0.104534 0.811239 
0.0561036 0.875985 
0.0345522 0.959956 
0.0205851 1.05306 
0.0118217 1.14654 
0.00659505 1.23301 
0.00360156 1.30644 
0.0019377 1.36195 
0.00131761 1.39578 
0.000696932 1.40535 
0.000366894 1.38921 
0.000192676 1.34703 
0.000101133 1.2796 
5.31463e-05 1.18883 
2.80026e-05 1.07773 
1.48126e-05 0.950345 
0.013183 0.811824 
0.0451905 0.668332 
0.111371 0.527055 
0.223645 0.396174 
0.523429 0.284692 
0.791998 0.204471 
0.883395 0.172066 
0.881189 0.174063 
0.807121 0.201154 
0.600273 0.246025 
0.493813 0.302999 
0.372597 0.369969 
0.30411 0.435423 
0.245045 0.491776 
0.216564 0.534605 
0.208203 0.56272 
0.19871 0.578721 
0.196307 0.580752 
0.200694 0.570764 
0.213459 0.553981 
0.221067 0.539471 
0.227935 0.531259 
0.208122 0.538669 
0.205013 0.552977 
0.189138 0.570192 
0.18563 0.589587 
0.177128 0.613709 
0.162565 0.64838 
0.141829 0.702698 
0.111821 0.791738 
0.0675077 0.894983 
0.0405571 0.996778 
0.0248921 1.08486 
0.016786 1.1503 
0.0140465 1.18748 
0.0155227 1.19412 
0.0212063 1.17124 
0.0326132 1.12321 
0.0522739 1.05769 
0.063034 0.98687 
0.077466 0.908878 
0.0975275 0.826337 
0.121123 0.745182 
0.152924 0.674645 
0.167082 0.628486 
0.184509 0.605799 
0.173881 0.611754 
0.164796 0.631933 
0.154783 0.65675 
0.148191 0.679882 
0.143249 0.698276 
0.13829 0.712143 
0.133052 0.725337 
0.128504 0.739634 
0.104816 0.761956 
0.0870412 0.780684 
0.0718317 0.788983 
0.0752053 0.783302 
0.0955095 0.763378 
0.116906 0.732231 
0.144334 0.696161 
0.156655 0.665709 
0.167463 0.641106 
0.178037 0.618736 
0.187924 0.599187 
0.198883 0.578101 
0.212294 0.553467 
0.231061 0.526595 
0.248368 0.502185 
0.234068 0.48623 
0.22233 0.476575 
0.207728 0.471794 
0.204912 0.470626 
0.213086 0.47197 
0.200209 0.474886 
0.195781 0.478591 
0.198743 0.482459 
0.20248 0.486017 
0.208502 0.488953 
0.183595 0.491004 
0.179188 0.491958 
0.190474 0.491655 
0.203348 0.489982 
0.202603 0.486875 
0.205807 0.482314 
0.174302 0.476323 
0.142017 0.468965 
0.126383 0.460341 
0.123407 0.45059 
0.131944 0.439886 
0.153729 0.428431 
0.169537 0.41646 
0.184557 0.404234 
0.202823 0.392038 
0.227145 0.380178 
0.260079 0.368982 
0.3057 0.35879 
0.331074 0.34996 
0.371916 0.342857 
0.429966 0.337858 
0.429966 0.335374 
