0 0.3 0 0
0 0.300176 0.799999 2.6651
0 0.306486 0.799999 2.61023
0 0.318662 0.799999 2.5105
0 0.336393 0.799999 2.37817
0 0.35933 0.799999 2.22636
0 0.387089 0.799999 2.0667
0 0.419257 0.799999 1.90814
0 0.455392 0.799999 1.75673
0 0.495029 0.799999 1.61607
0 0.537686 0.799999 1.48786
0 0.582863 0.799999 1.37253
0 0.63005 0.799999 1.26974
0 0.678731 0.799999 1.17867
0 0.728384 0.799999 1.09832
0 0.778487 0.799999 1.02763
0 0.828523 0.799999 0.965573
0 0.877983 0.799999 0.911178
0 0.926369 0.799999 0.863586
0 0.973197 0.799999 0.822032
0 1.018 0.799999 0.785853
0 1.06034 0.799999 0.754474
0 1.09979 0.799999 0.727408
0 1.13597 0.799998 0.704241
0 1.16852 0.799998 0.684625
0 1.19711 0.799998 0.668274
0 1.22146 0.799997 0.654952
0 1.24132 0.799997 0.644472
0 1.25649 0.799996 0.63669
0 1.26682 0.799995 0.6315
0 1.27218 0.799992 0.628834
0.000380628 1.27254 0.799984 0.628654
0.00170752 1.26787 0.799804 0.630826
0.00428238 1.25823 0.718647 0.57116
0.00817273 1.24372 0.631131 0.507456
0.0136981 1.2245 0.550743 0.449769
0.0223095 1.20081 0.477201 0.3974
0.0279183 1.17292 0.41009 0.349632
0.0324118 1.14118 0.349041 0.305861
0.0360644 1.10599 0.293668 0.265525
0.0404347 1.06783 0.243598 0.228124
0.0460319 1.02723 0.198448 0.193187
0.044349 0.984794 0.157751 0.160187
0.0436317 0.941171 0.121217 0.128794
0.0450154 0.897089 0.0884853 0.0986361
0.0540855 0.853333 0.0592208 0.0693994
0.0716821 0.810755 0.0330745 0.0407947
0.0908492 0.770265 0.00967429 0.0125597
0.128488 0.73284 -0.0112997 -0.015419
0.143018 0.699517 -0.0302109 -0.0431882
0.154268 0.671399 -0.0473275 -0.0704908
0.13786 0.651353 -0.0627892 -0.0963981
0.128907 0.636743 -0.0770247 -0.120967
0.113292 0.626705 -0.0901 -0.143768
0.0921977 0.620436 -0.102171 -0.164676
0.0780312 0.617194 -0.113459 -0.183831
0.0515445 0.616296 -0.123895 -0.201032
0.02038 0.617122 -0.133657 -0.216582
0.0101752 0.619109 -0.142841 -0.23072
0.0226308 0.621756 -0.151399 -0.243502
0.0198456 0.62462 -0.159254 -0.254962
0.0102989 0.627318 -0.166433 -0.265309
0.0026206 0.629525 -0.172961 -0.274749
0.0180611 0.630974 -0.178854 -0.283456
0.0336029 0.631457 -0.184132 -0.291598
0.0526283 0.630823 -0.188856 -0.299381
0.0575321 0.628979 -0.19288 -0.306655
0.0519643 0.625887 -0.196224 -0.313513
0.0360653 0.621569 -0.198952 -0.320081
0.0358555 0.616099 -0.201312 -0.326752
0.053391 0.609611 -0.203359 -0.333588
0.0783838 0.602292 -0.205147 -0.340611
0.109004 0.594387 -0.20679 -0.347905
0.144611 0.586194 -0.208418 -0.355544
0.174707 0.578068 -0.209787 -0.362911
0.203708 0.570415 -0.211016 -0.369935
0.180481 0.564063 -0.209862 -0.372055
0.131241 0.558707 -0.207794 -0.37192
0.0477659 0.55446 -0.205557 -0.370734
0.0155908 0.551489 -0.204435 -0.370697
0.0730205 0.550015 -0.20383 -0.370591
0.112197 0.550312 -0.203245 -0.369328
0.147505 0.552707 -0.202665 -0.366676
0.184851 0.557583 -0.202233 -0.362695
0.200783 0.565372 -0.200976 -0.355476
0.200206 0.576558 -0.19888 -0.344944
0.161689 0.592808 -0.195211 -0.329298
0.133848 0.612166 -0.191909 -0.313493
0.0968011 0.633858 -0.188357 -0.29716
0.0680867 0.65716 -0.18493 -0.281407
0.039211 0.681403 -0.181399 -0.266215
0.0266669 0.705965 -0.17781 -0.251868
0.0263446 0.730278 -0.174017 -0.238289
0.021694 0.753825 -0.169937 -0.225433
0.00664234 0.776139 -0.165585 -0.213344
0.0233205 0.796805 -0.161071 -0.202146
0.0278063 0.815456 -0.156318 -0.191694
0.0144586 0.831779 -0.151309 -0.18191
0.00110109 0.845508 -0.146162 -0.172869
0.00440775 0.856428 -0.140894 -0.164513
0.0275044 0.864374 -0.135569 -0.15684
0.0330189 0.869231 -0.130139 -0.149718
0.0273781 0.870934 -0.124622 -0.14309
0.00451095 0.869466 -0.119073 -0.136949
0.000253085 0.864859 -0.11359 -0.131339
0.0125775 0.857198 -0.108167 -0.126186
0.0284484 0.846613 -0.10285 -0.121484
0.0364402 0.833286 -0.0976359 -0.11717
0.0357165 0.817447 -0.0925303 -0.113194
0.0476225 0.799374 -0.0876362 -0.109631
0.0745931 0.779396 -0.083026 -0.106526
0.0902056 0.757891 -0.078583 -0.103686
0.0932686 0.735285 -0.0742752 -0.101016
0.0818863 0.712052 -0.0701025 -0.0984514
0.0890368 0.688717 -0.0662852 -0.0962443
0.117292 0.665853 -0.0628606 -0.094406
0.132742 0.644081 -0.0596056 -0.0925437
0.138613 0.624071 -0.0565142 -0.0905572
0.131195 0.606543 -0.0535484 -0.0882846
0.149786 0.592263 -0.0510005 -0.0861111
0.194058 0.582048 -0.0489142 -0.084038
0.200091 0.576762 -0.0466918 -0.0809551
0.170975 0.57879 -0.0443387 -0.0766057
0.103112 0.585774 -0.0420073 -0.0717124
0.060447 0.596876 -0.0401285 -0.0672309
0.03454 0.611308 -0.0385478 -0.0630578
0.0197317 0.62833 -0.0372236 -0.0592421
0.0109766 0.647249 -0.036161 -0.0558688
0.00568179 0.667422 -0.0353866 -0.0530199
0.00297431 0.688253 -0.0349116 -0.050725
0.00154178 0.709195 -0.0347366 -0.0489804
0.000787795 0.729749 -0.0348618 -0.0477723
0.00039732 0.749462 -0.0352856 -0.0470813
0.000198025 0.767931 -0.0718112 -0.0935126
9.76373e-05 0.784799 -0.0684168 -0.0871774
4.76685e-05 0.799757 -0.0653208 -0.0816758
2.30638e-05 0.81254 -0.0624931 -0.0769109
1.10671e-05 0.822932 -0.0599303 -0.0728253
5.27015e-06 0.830763 -0.0576185 -0.0693562
0.000525007 0.835908 -0.0555401 -0.0664428
0.00240473 0.838289 -0.0537566 -0.0641266
0.00614851 0.837874 -0.0516623 -0.0616587
0.0124133 0.834677 -0.049739 -0.0595907
0.0224235 0.828757 -0.0479653 -0.0578763
0.0379696 0.820218 -0.046326 -0.0564801
0.0509922 0.809211 -0.0447871 -0.0553466
0.0646699 0.795932 -0.0433288 -0.0544378
0.0825154 0.78062 -0.0419403 -0.0537269
0.0977419 0.763562 -0.0405783 -0.0531434
0.111029 0.745088 -0.0392193 -0.0526371
0.124049 0.725573 -0.0378479 -0.0521628
0.12849 0.705436 -0.036402 -0.0516022
0.129512 0.685142 -0.0348857 -0.0509175
0.116271 0.665199 -0.033236 -0.049964
0.118671 0.646159 -0.0315631 -0.0488473
0.133793 0.628618 -0.0298338 -0.0474593
0.160949 0.613217 0.000824976 0.00134532
0.178412 0.600673 0.000278253 0.000463236
0.191898 0.591672 -3.11414e-08 -5.26329e-08
0.191898 0.587445 0 0
