0.102793 0.3 
0.11582 0.302748 
0.136951 0.362269 
0.144552 0.449979 
0.144837 0.543202 
0.146944 0.625311 
0.126337 0.685861 
0.121474 0.720698 
0.131113 0.732098 
0.131702 0.730419 
0.138512 0.710045 
0.153374 0.673553 
0.171919 0.631486 
0.195394 0.583848 
0.225454 0.531966 
0.262057 0.484425 
0.284994 0.457323 
0.271745 0.465541 
0.256542 0.491427 
0.225779 0.527757 
0.205828 0.559918 
0.192493 0.581047 
0.187316 0.591093 
0.189159 0.596832 
0.17213 0.613882 
0.170014 0.635562 
0.156923 0.665076 
0.143755 0.697661 
0.128145 0.736894 
0.114871 0.781671 
0.0859566 0.841361 
0.0630333 0.891959 
0.0488183 0.919163 
0.0398138 0.91561 
0.0450067 0.880874 
0.0624488 0.821466 
0.0941798 0.750839 
0.146985 0.689377 
0.157204 0.664414 
0.116472 0.715513 
0.0892237 0.804319 
0.0712284 0.905223 
0.0586602 0.999534 
0.0493401 1.07548 
0.0410767 1.129 
0.0374231 1.15212 
0.037541 1.14138 
0.0453845 1.10045 
0.0531411 1.04059 
0.0681371 0.970813 
0.0794638 0.909871 
0.0949993 0.852275 
0.100862 0.803244 
0.112476 0.751176 
0.131704 0.693009 
0.158578 0.632574 
0.197952 0.580582 
0.210347 0.557818 
0.21897 0.545105 
0.224912 0.533306 
0.231698 0.51956 
0.244238 0.507802 
0.236349 0.511255 
0.240244 0.513059 
0.24582 0.505636 
0.256065 0.488359 
0.273734 0.464166 
0.29833 0.442917 
0.279794 0.443232 
0.262843 0.460122 
0.252004 0.497342 
0.193772 0.568379 
0.123538 0.649347 
0.0785205 0.726198 
0.0498642 0.791762 
0.0268686 0.846313 
0.0171886 0.88971 
0.0110427 0.921938 
0.00625553 0.943101 
0.00335792 0.953432 
0.0019332 0.953281 
0.0010425 0.943121 
0.000527223 0.923545 
0.00025716 0.895265 
0.000133674 0.859111 
6.79916e-05 0.816032 
3.39429e-05 0.767091 
0.00222921 0.713468 
0.0128236 0.656456 
0.0152062 0.597464 
0.0440092 0.53801 
0.0935149 0.479725 
0.116302 0.424351 
0.19711 0.373738 
0.295764 0.329843 
0.416593 0.294728 
0.568016 0.270556 
0.597008 0.259693 
0.551977 0.263273 
0.462796 0.279338 
0.345358 0.306242 
0.258585 0.342427 
0.200504 0.386424 
0.159638 0.436858 
0.133595 0.492448 
0.093508 0.552 
0.054925 0.614412 
0.0319015 0.678669 
0.018316 0.743843 
0.0103916 0.80909 
0.00582533 0.873649 
0.0032269 0.93684 
0.00176686 0.998064 
0.000956618 1.05679 
0.000512376 1.11259 
0.000271617 1.16506 
0.000142574 1.21391 
7.4135e-05 1.25891 
3.82013e-05 1.29988 
1.95142e-05 1.33673 
9.88403e-06 1.3694 
4.96546e-06 1.39793 
2.47534e-06 1.4224 
1.22506e-06 1.44294 
6.02154e-07 1.45975 
2.94076e-07 1.47308 
1.42747e-07 1.48322 
6.88939e-08 1.49052 
3.30698e-08 1.49538 
1.57923e-08 1.49825 
7.50484e-09 1.49961 
3.54997e-09 1.5 
1.67185e-09 1.5 
7.84066e-10 1.5 
3.6625e-10 1.5 
1.70433e-10 1.5 
7.90236e-11 1.5 
3.65139e-11 1.5 
1.68161e-11 1.5 
7.72008e-12 1.5 
3.5335e-12 1.5 
1.61265e-12 1.5 
7.33985e-13 1.5 
3.33123e-13 1.5 
1.50823e-13 1.5 
6.80253e-14 1.5 
3.0596e-14 1.5 
1.37742e-14 1.5 
6.19435e-15 1.5 
2.77385e-15 1.5 
1.29458e-15 1.5 
5.54871e-16 1.5 
1.84974e-16 1.5 
1.8499e-16 1.5 
9.25025e-17 1.5 
0 1.5 
0 1.5 
0 1.5 
0 1.5 
0 1.5 
